0
32
none
25
25
1.0
false
0
0
100
100
0
0
0
0
0
0
0
0
0
0
0
0
0
0
0
0
0
3
0
0
0
0
0
0
none
25
25
1.0
false
0
0
100
100
0
0
0
0
0
0
0
0
0
0
0
0
0
0
0
0
0
3
0
0
0
0
0
0
none
12
28
1.0
false
50
10
100
100
15
0
0
10
5
35
30
5
2
15
5
0
5
2
0
0
0
3
10
5
35
5
5
0
none
-10
10
1.0
false
50
20
100
100
0
10
5
15
0
35
30
5
0
35
5
2
0
0
0
0
0
3
0
0
35
5
5
0
none
12
28
1.0
false
50
10
100
100
15
0
0
10
5
15
40
15
2
15
5
0
5
2
0
0
0
3
0
0
35
5
5
0
none
-10
10
1.0
false
50
20
100
100
0
10
5
15
0
15
40
15
0
35
5
2
0
0
0
0
0
3
0
0
35
5
5
0
none
30
45
1.0
false
50
50
100
100
5
0
0
5
5
35
30
10
30
0
0
0
0
0
0
0
0
3
0
0
35
5
5
0
none
50
75
1.0
false
50
30
100
100
5
0
0
5
5
35
30
10
30
0
0
0
0
0
0
0
0
3
0
0
35
5
5
0
none
-10
15
1.0
false
50
80
100
100
0
5
5
0
0
35
30
10
0
5
0
0
0
0
0
0
0
3
0
0
35
5
5
0
none
30
55
1.0
false
50
50
100
100
5
0
0
5
5
15
40
15
30
0
0
0
0
0
0
0
0
3
0
0
35
5
5
0
none
50
75
1.0
false
50
30
100
100
5
0
0
5
5
15
40
15
30
0
0
0
0
0
0
0
0
3
0
0
35
5
5
0
none
-10
15
1.0
false
50
80
100
100
0
5
5
0
0
15
40
15
0
5
0
0
0
0
0
0
0
3
0
0
35
5
5
0
none
22
35
1.0
false
50
8
100
100
80
0
0
90
60
50
40
20
40
0
0
0
30
20
10
0
0
3
0
0
35
5
5
0
none
50
75
1.0
false
50
15
100
100
80
0
0
90
60
50
40
20
40
0
0
0
30
20
10
0
0
3
0
0
35
5
5
0
none
22
35
1.0
false
50
8
100
100
45
0
0
60
30
10
10
7
10
0
0
0
3
2
0
0
0
3
0
0
35
5
5
0
none
50
75
1.0
false
50
15
100
100
45
0
0
60
30
10
10
7
10
0
0
0
3
2
0
0
0
3
0
0
35
5
5
0
none
70
80
0.8
false
50
160
100
100
0
0
0
0
0
0
0
0
0
0
0
0
0
0
0
0
0
2
0
0
35
5
5
10
none
110
120
0.8
false
50
240
100
100
0
0
0
0
0
0
0
0
0
0
0
0
0
0
0
0
0
1
0
0
35
5
5
50
none
120
130
0.8
false
50
240
100
100
0
0
0
0
0
0
0
0
0
0
0
0
0
0
0
0
0
0
0
0
35
5
5
60
none
70
80
0.5
false
50
160
100
100
0
0
0
0
0
0
0
0
0
0
0
0
0
0
0
0
0
2
0
0
35
5
5
10
none
110
120
0.5
false
50
240
100
100
0
0
0
0
0
0
0
0
0
0
0
0
0
0
0
0
0
1
0
0
35
5
5
50
none
120
130
0.5
false
50
240
100
100
0
0
0
0
0
0
0
0
0
0
0
0
0
0
0
0
0
0
0
0
35
5
5
60
none
0
5
1.0
false
50
20
100
100
0
30
15
0
0
25
20
4
0
40
10
10
2
2
0
0
0
3
0
0
35
5
5
0
none
-40
-10
1.0
false
50
80
100
100
0
30
15
0
0
25
20
4
0
40
10
10
2
2
0
0
0
3
0
0
35
5
5
0
none
-40
-10
1.0
false
50
80
100
100
0
30
15
0
0
15
40
15
0
40
10
10
2
2
0
0
0
3
0
0
35
5
5
0
none
25
30
1.0
false
50
15
100
100
0
0
0
0
0
20
10
4
0
0
0
0
0
0
0
0
0
3
50
50
35
5
5
20
none
25
30
1.0
false
50
15
100
100
0
0
0
0
0
20
40
5
0
0
0
0
0
0
0
0
0
3
10
10
35
5
5
20
none
50
70
1.0
false
50
15
100
100
0
0
0
0
0
20
10
4
0
0
0
0
0
0
0
0
0
3
50
50
35
5
5
20
none
50
70
1.0
false
50
15
100
100
0
0
0
0
0
20
40
5
0
0
0
0
0
0
0
0
0
3
0
10
35
5
5
20
none
0
-10
1.0
false
50
30
100
100
0
0
0
0
0
20
10
4
0
0
0
0
0
0
0
0
0
3
50
50
35
5
5
20
none
0
-10
1.0
false
50
30
100
100
0
0
0
0
0
20
40
5
0
0
0
0
0
0
0
0
0
3
10
10
35
5
5
20
none
20
-30
1.0
false
50
20
100
100
0
0
0
0
0
30
20
4
0
0
0
0
0
0
0
0
0
3
0
0
35
5
5
99
2
-1
None

4
5
999999
#999999
None
false
0
0
0
0
0
0
0
0
0
0
0
0
0
0
0
0
0
0
0
0
0
0
0
0
0
0
0
0
0
0
0
0
0
0
0
0
0
0
0
0
0
0
0
0
0
0
0
0
0
0
0
0
0
0
0
0
0
0
0
0
0
0
0
0
0
0
0
0
0
0
0
0
0






13
false
false
0.5
0
0
Solaris Training Company

4
5
#33CCCC
#000000
SOL
false
0
0
0
0
0
0
0
0
0
0
0
0
0
0
0
0
0
0
0
0
0
0
0
0
0
0
0
0
0
0
0
0
0
0
0
0
0
0
0
0
0
0
0
0
0
0
0
0
0
0
0
0
0
0
0
0
0
0
0
0
0
0
0
0
0
0
0
0
0
0
0
0
0






13
true
true
0.5
0
1
0
Solaris VII
-3.0
-2.0
0
0

0
true
0
1
0
100
50
false
Solaris Training Company
0
100
